sample	sex	age	cd3tcells	bcells	nkcells	cd20hladrpos	cd8tregs	cd4tcells	cd8tcells	tregs	cd16pos	cd14cd16pos	cd14pos	cd16hladrpos	cd14cd16hladrpos	cd14hladrpos
0A9	f	14.67	28.8	34.4	36.8	30.7	0.68	17.4	8.43	3.84	11	40.4	48.7	26.7	50.4	22.9
0C7	m	13.83	69.7	17.3	13.1	16.1	2.25	33.9	30.5	9.88	18.7	33.5	47.8	10.8	14.9	74.3
0J4	m	9.92	59.1	28.2	12.7	26.2	1.44	26	18.8	5.84	5.48	4.84	89.7	7.49	6.03	86.5
0L1	m	8.92	47.1	48.5	4.41	45.2	0.72	36.5	7.19	5.13	26.3	9.84	63.9	17	2.64	80.3
0P0	m	6.92	21.7	45.8	32.6	38	0.4	11.8	8.45	2.9	27.7	36.8	35.5	17.4	60.2	22.3
0R8	m	6.08	40.8	32.4	26.7	29.3	1.47	23	14.6	3.65	24.9	45	30	27.7	52.9	19.4
0S5 INF	m	0.5	71	21.8	7.29	20.5	0.71	42.8	20.4	3.44	20.2	3.65	76.2	5.63	3.76	90.6
0S5	f	6.08	69.7	18.4	12	17.6	1.12	22.7	39.9	2.69	29.9	25.6	44.5	30.9	17.2	51.9
1A3	f	14.75	47.7	30.9	21.4	23.7	2.16	27.8	16.2	4.57	16.8	33.1	50.1	37.4	47.2	15.4
1B0	f	14.75	51.9	33.9	14.2	32.3	2.14	27.4	20	4.27	10.8	6.08	83.2	13.9	7.11	79
1G0	f	10.83	53.4	41.1	5.43	40.4	1.09	30.7	19.8	5.76	6.52	2.71	90.8	14.6	6.3	79.1
1H6	f	10.67	74.5	23.4	2.13	18.1	2.46	43.5	23.2	5.74	4.27	6.62	89.1	4.19	12.3	83.5
1I6	f	9.75	52.3	33.5	14.2	27.5	1.07	20.4	27.7	3.2	9.46	7.12	83.4	59.5	9.64	30.9
1J0	m	9.75	53	37.1	9.91	35.3	1.01	30	18.4	4.08	7.01	10	83	8.72	20.6	70.7
1L5	f	8.83	61.6	37.2	1.23	21.4	1.3	32.6	22.7	2.53	3.9	5.62	90.5	6.17	11.5	82.3
1S4	m	5.92	48.5	32.2	19.3	28.9	1.58	30.1	13.6	4.47	50.9	6.79	42.4	22.1	11.8	66.1
2A2 INF	f	0.25	65.5	33.5	0.92	32.1	0.42	48.6	13.3	4.59	1.97	2.02	96	2.26	1.13	96.6
2A2 	f	14.75	74.3	11.9	13.9	9.54	1.88	47.4	22	6.05	11.2	7.32	81.5	20.1	19.9	60
2C9	m	13.83	51.1	19.7	29.2	17.3	1.5	23.2	15.7	4.73	9.61	25.7	64.7	31.3	66.1	2.61
2.00E+04	f	12.83	63.6	33.8	2.59	32.7	1.24	40.1	16.8	5.59	3.55	2.02	94.4	4.57	3.05	92.4
2I2	m	9.83	64.1	28	7.93	27.3	1.3	30.5	27.6	4.71	10.6	17	72.4	19.5	18.9	61.5
2N6 INF	m	0.5	74.8	21.8	3.38	21.1	0.58	56.4	13.8	3.8	6.35	7.68	86	3.11	11.7	85.2
2N6 	f	7.92	47.9	47	5.1	36.5	0.96	28.3	15.4	4.08	5.22	5.59	89.2	6.79	11.8	81.4
2N8	m	7.92	52.6	39.1	8.35	37	1.41	31.4	16.9	5.11	27.4	22.2	50.4	4.97	4.05	91
2N9	m	8	54.9	30.4	14.7	29.4	1.19	24.2	17.1	5.03	25.2	6.34	68.5	25.7	12.1	62.2
2R1	m	5.92	57.8	31.9	10.3	29.5	2.68	26.9	22.3	6.74	9.33	3.97	86.7	12.6	5.06	82.3
3L2	m	8.92	75.6	18.5	5.96	12.4	1.22	34.1	36.7	5.29	4.14	5.75	90.1	14.1	11	74.9
3M2	m	8	69.2	21.6	9.18	21.1	2.71	34.6	26.1	3.38	17.3	22.4	60.3	20.7	22.3	57
3P3	m	6.92	43.4	31.9	24.7	26.1	1.6	22.6	15.1	3.69	30.3	14.1	55.6	22.6	15	62.5
3S3	f	5.83	62.6	29.2	8.29	27	1.98	41	15.7	11.8	25.7	4.17	70.2	27.1	9.39	63.5
4G8	m	10.83	59.6	28	12.4	26.9	2.32	36.6	19.6	7.11	8.05	2	90	10.3	4.43	85.2
4K7	m	8.83	47.1	37.6	15.3	33	2.49	31.9	11.3	7.96	11.4	1.89	86.7	25.9	6.35	67.8
4M3	m	8	44.2	34.6	22.3	25.3	2.46	29.3	9.54	4.41	3.98	3.86	92.2	1.35	1.73	96.9
4M1	m	7.92	61.9	36.7	1.42	35.4	1.41	29.7	26.4	4.9	9.51	4	86.5	3.99	1.78	94.2
04N	f	19.42	69.9	27.5	2.56	19.6	1.5	36.1	29.2	9.07	9.42	10.1	80.5	7.73	16.7	75.6
40L	f	19.67	49.5	28.1	22.4	25.4	1.17	29.4	15.2	7.37	44.4	33.3	22.2	37.6	51.9	10.5
4Q9	m	5.92	38.7	41.8	19.5	37.2	1.44	18.1	16.8	2.96	39.6	14.9	45.6	28.9	21.4	49.7
04T	m	16.75	54.4	26.3	19.3	22.8	1.49	27.5	19.2	3.45	10.6	7.21	82.2	17.4	14.1	68.4
04Z	m	15.5	36.9	31.5	31.5	29.5	0.82	23.9	10.2	4.43	40.1	25.8	34.1	47.7	36.5	15.8
59A	f	26.75	47.7	40.3	12	32.5	1.45	23.3	19.4	3.9	14.5	6.08	79.4	10.6	9.04	80.4
5C0	f	13.75	49.4	30.9	19.8	23	1.62	35.1	10.9	3.25	17.9	26.9	55.1	34.5	44.7	20.9
5G3	m	10.92	67	29.8	3.21	27.9	1.47	31.2	30.9	3.22	36.9	10.9	52.2	29.8	11.7	58.5
5K8	m	8.83	46	50.4	3.55	47.3	1.25	26.8	12.7	5.77	35.2	2.22	62.6	3.63	1.3	95.1
5L7	f	8.92	63.1	22.6	14.3	21.5	1.48	31.8	26.3	3.94	7.03	6.19	86.8	15	6.3	78.7
50I INF	m	0.58	49.7	48.2	2.2	46.8	0.45	35.7	11	2.57	7.62	6.12	86.3	4.59	9	86.4
50I	f	21.67	58.1	29.7	12.2	21.4	1.83	30.9	21.3	2.92	12.3	10.5	77.2	13.6	33.4	53
5P3	m	6.75	44.8	38.1	17.1	35.7	0.69	22.5	18.3	3.29	27.1	10.5	62.4	27	28.8	44.2
5Q8 INF	f	0.58	56.4	41.4	2.19	39	0.5	38.8	13	3.55	15.6	2.33	82.1	13.7	3.31	82.9
5Q8 	f	5.83	59.8	32.1	8.05	22	0.77	36.8	15.9	4.46	6.08	5.33	88.6	9.79	16.7	73.5
5R6	m	6.08	47.5	36.1	16.4	34.8	1.86	31.5	11.5	4.42	21.5	9.94	68.6	14	8.77	77.3
6B8	m	13.75	54.3	26.5	19.2	21.7	1.25	23.2	12.5	3.28	5.82	1.42	92.8	12.2	3.68	84.2
6C9	f	13.42	49.7	42.2	8.1	37.7	0.77	25.4	19.7	3.83	31.1	6.62	62.3	23.3	13.1	63.5
6N0  	m	7.92	40.4	35.6	24	34.5	1.55	19.9	12.1	1.67	12.8	40.4	46.8	28.1	39.4	32.4
6P5	m	6.92	40.3	40.1	19.6	36.7	2.16	22.7	13.8	3.42	36.7	26.5	36.7	37.4	30	32.6
6Q2 INF	f	0.33	61.2	37.6	1.15	36.7	0.58	46	11.9	1.98	17.3	6.16	76.5	8.34	8.04	83.6
6Q2 	f	6	58.6	31.8	9.53	26.4	1.09	31.1	22.3	3.98	9.25	7.35	83.4	6.51	9.15	84.3
6Q5	m	6.08	47.8	34.9	17.2	30.9	0.51	31.7	10.9	7.32	16.4	5.78	77.8	19.3	7.05	73.6
7B2	m	13.83	68.9	20.1	11	19.1	1.03	28.1	36.1	2.73	24.2	11.3	64.6	20.2	19.9	59.9
7J8 INF	m	0.67	59.9	31.3	8.06	30.6	1.25	40.3	15	4.1	11.8	10.6	77.6	16.8	21.1	62
7J8	f	7.92	44.8	27.7	28.1	25.6	1.3	29	12.8	6.2	9.55	9.1	81.3	15.8	43.7	40.5
7K8 INF	f	0.42	49.3	26.5	24.2	25	0.22	35.4	7.35	2.52	25.2	30.8	44	34.1	51.2	14.7
7K8  	f	8.92	51.6	36	12.4	35.5	1.04	31.4	16	5.87	13.3	4.25	82.4	18.2	9.38	72.5
7P0	m	6.92	51.4	22.9	25.7	21	0.77	25	20.8	3.03	10.2	7.41	82.4	13.1	10.5	76.4
73S	m	16.75	82	15.3	2.75	14.2	1.55	50.2	26	10.2	27.9	12.6	59.6	19.9	17.4	62.6
8A7 	m	14.75	48.6	48.6	3.67	45.6	0.76	25.7	19.9	5.26	6.07	5.06	88.9	9.15	11.2	79.6
8C0	m	12.83	48.8	35	16.2	32.7	0.71	28.1	17.2	6.6	25	16.2	58.8	23.2	12.4	64.4
8D2	m	12.58	78.2	16.7	5.06	12.6	0.86	32.4	40.6	5.95	4.16	13.8	82.1	11.7	15.5	72.9
8H0	m	10.83	72.8	24.2	3.09	20.6	1.54	41.7	20.8	11.7	5.83	2.85	91.3	2.19	5.89	91.9
8K1	m	8.83	40.3	41.2	18.4	40.6	1.3	24.4	12.6	5.28	5.59	1.63	92.8	17.1	8.7	74.2
8N3	f	7.83	43.6	33.9	22.5	31.6	1.11	25.9	12.9	4.28	13.7	6.96	79.3	13.2	6.49	80.3
8P8	f	6.92	55.4	38.2	6.43	29.2	1.84	35.5	15.7	7.15	18.3	8.64	73.1	33.3	13.6	53.1
8Q5	m	5.92	64.7	25.2	10.1	21.6	1.15	41.2	18	3.98	30.3	17	52.7	22.5	16.1	61.4
8R5	f	5.83	48.2	29	22.9	27.2	1.76	25	20.2	4.12	20.9	6.26	72.8	30.9	28.6	40.5
9C1	f	12.83	54.8	29.9	20.7	24.5	3.16	29.1	17.6	5.82	26.7	32.2	41.2	15.6	43	41.5
9D8	f	12.83	50.8	43	6.21	24.3	1.24	30.8	15.1	5.91	9.57	5.99	84.4	17.3	9.72	73
9H7 INF	f	0.58	54.9	41.9	3.21	40.9	0.44	39.6	11.5	2.7	27.8	15.3	56.8	29.8	22	48.1
9H7 	f	10.83	75.7	18	6.37	13.9	1.7	46.1	23.5	3.1	14.2	6.31	79.4	18.7	10.7	70.6
9D1	m	12.83	34.8	39.7	25.5	35.4	1.24	19.7	12.6	2.86	37.7	34.9	27.4	39.6	41.7	18.8
12Z	m	15.67	52.1	42.4	5.48	22.1	1.31	26.6	20.9	4.54	3.65	5.53	90.8	3.97	11	85
17K	m	20.75	51	26.5	22.5	25	1.22	22.5	24.5	5.04	50.8	13.1	36.1	49.4	16.8	33.8
28G	f	22.58	62.6	34	3.49	29.1	1.04	35.4	21.3	9.5	5.35	6.54	88.1	4.77	15.3	79.9
28J	f	21.42	53.3	18.3	28.3	17.5	0.8	32.1	13.1	9.08	18.4	36	45.6	30.9	59.6	9.46
33T	m	16.67	52.4	33.7	13.8	30.3	1.43	29	16.8	5.14	21.9	5.73	72.3	8.09	8.74	83.2
43V	m	15.67	57.3	23.2	19.5	20.4	0.88	22	31.5	3.54	19.5	52.2	28.3	29.4	58	12.6
52P	f	18.67	73.8	16	10.2	15.3	3.56	34.8	32.4	10.6	11.7	24.9	63.3	22.1	20	57.9
61R	m	17.67	83.6	15.1	1.23	14.5	2.88	46.2	31.5	7.38	3.93	5.86	90.2	2.58	5.88	91.5
63V INF	f	0.5	27.9	70.5	1.6	55.9	0.45	19.1	4.94	2.31	15	5.29	79.7	14	9.76	76.2
63V	f	15.75	48.6	35.4	17	27.2	1.13	28.5	15.7	7.76	18.5	31.5	50	48.8	15.6	35.6
64P	f	18.67	55.4	25.6	19	19	0.61	31.5	18.6	4.18	22.9	37.8	39.3	29	57.8	13.2
73V	m	15.75	69.8	22.5	7.71	16.8	1.22	34.3	31.3	7.94	5.15	5.32	89.5	6.47	20	73.6
77I	m	21.58	60.1	28.5	11.3	17	2.9	31.1	18	7.37	10.7	3.17	86.1	4.66	2.5	92.8
78I	f	21.67	39.7	48.5	11.7	45.6	0.85	28.6	8.14	7.01	5.22	0.65	94.1	2.76	2.87	94.4
79Z	f	14.75	74.5	22.4	3.11	20.5	0.75	36.8	32.9	3.36	20	13	66.9	17.6	9.1	73.3
81O	m	18.75	51.8	40.1	8.03	36.8	1.45	31.8	15.4	6.31	5.06	2.12	92.8	6.09	1.83	92.1
82L	f	19.5	67.5	17.7	14.8	16.7	0.75	33	20.4	6.34	22.6	20.8	56.6	53.5	42.9	3.66
96B	m	25.58	52.9	44.7	2.37	40.7	1.49	28.8	17.3	5.6	15.3	5.82	78.9	11.6	6.29	82.1
98T	f	15.58	68	28.8	3.22	21.4	1.37	39	23.2	8.03	13.5	4.43	82.1	17.8	8.48	73.8
0A4 INF	m	0.5	20.3	78.9	0.87	64.7	0.057	12.9	4	1.34	7.98	2.69	89.3	5.77	2.55	91.7
0A4	f	20.67	64.6	35.4	0.03	30	0.82	31.3	27	3.7	11.6	3.06	85.3	0.24	0.048	99.7
0C6 INF	m	0.5	35.1	64	0.85	54.1	0.11	25.6	7.21	2.1	9.63	1.94	88.4	11.3	1.4	87.3
0C6	f	14.92	50.9	49	0.068	37.4	0.72	21.4	22.5	1.58	10.7	5.21	84.1	1.22	0.89	97.9
0I5 INF	f	0.5	37	61.8	1.23	53.3	0.057	25.6	7.59	1.07	14.2	6.42	79.4	8.77	1.19	90
0I5	f	12.08	76.3	29.2	0.043	25	0	40.1	29.6	2.63	15.2	1.71	83.1	0.93	0.04	99
0I6	f	11.83	55.8	30	14.2	26.8	0.3	25.5	24.4	2.58	56.1	7.62	36.3	45.4	9.98	44.6
0L1	m	10.08	46.5	50	3.47	42.4	0.48	26.4	15.5	3.55	17.8	5.42	76.8	1.47	0.27	98.3
0P8	m	8.08	59.4	33.8	6.76	23.9	0.21	19.1	35.3	1.07	33.7	28.1	38.2	22.4	17.3	60.4
0R8	m	7.25	61.1	37	1.94	30.4	0.4	23.2	31.1	1.69	11	3.27	85.7	9.89	2.83	87.3
1A3 INF	f	0.5	32.2	67	0.76	54.3	0.084	24.6	4.69	1.27	16.5	3.19	80.3	13.5	1.99	84.5
1A3	f	15.92	52.7	31.9	15.4	25.9	0.47	24	22.2	2.05	25.5	31.7	42.7	23.6	29.3	47.1
1R7	m	7.33	43.6	55.5	0.9	47.2	0.36	20.6	20.3	1.62	5.55	0.45	94	2.04	0.041	97.9
2C9	m	15	76.1	13.4	10.5	11	0.66	37.3	27.2	3.37	45.8	41.7	12.5	48	46.1	5.88
2I2	m	11	62.8	34.5	2.73	29	0.37	29.6	27.1	2.57	16.5	6.57	77	15.6	6.64	77.8
2J2	f	11.08	67.9	32.1	0.06	24	0.31	37.9	25.1	1.65	9.27	7.79	82.9	0.4	0.37	99.2
2N9	m	9.17	54.3	42.7	3.01	35.3	0.34	20.3	19.8	2.33	30.4	7.26	62.4	13.5	5.21	81.3
3S3	f	7	70.6	27.9	1.51	23.1	0.83	42	23.3	4.53	14.7	9.14	76.1	10.2	5.82	84
4C3	m	14.92	32	67.9	0.11	39.1	0.21	19.1	9.93	1.07	2.31	1.35	96.3	0.12	0.05	99.8
4S5	m	6.83	62.2	36.2	1.67	28.7	0.39	35.4	21.7	2.15	9.75	3.6	86.6	2.95	1.41	95.6
5D9	f	14	43.7	55.5	0.81	42.6	0.5	32.4	8.42	4.6	5.16	2.41	92.4	2.14	0.48	97.4
5Q0	m	8.17	42.7	53	4.22	36	0.2	24.9	12.7	1.62	18.9	6.92	74.2	15.9	3.74	80.4
5G3	m	12.08	48.9	51	0.091	45.5	0.28	18.5	23.7	2.04	21.6	6.98	71.4	1.74	0.46	97.8
6N0	m	9.17	42	56.8	1.2	44	0.46	22.2	16.7	1.49	8.99	15.8	75.2	3.51	7.28	89.2
6P5	m	8.08	50	49.8	0.18	34.4	0.15	29.3	15.7	1.41	13	10.1	76.9	4.03	3.27	92.7
6Q5	m	7.25	51.8	48.1	0.11	43.4	0.32	39.6	9.36	3.64	3.49	2.03	94.5	0.77	0.24	99
7G1	m	12.08	44.4	55.5	0.14	48.7	0.45	27.4	13.8	3.06	3.32	0.79	95.9	0.72	0.41	98.9
7M3	m	9.08	67.7	30.1	2.2	21.8	0.45	39	21.7	4.56	8.54	6.11	85.4	8.36	6.25	85.4
8D2	m	13.83	66.6	23.9	9.53	19.7	0.78	23.3	35.1	2.04	24.5	7.62	67.8	34.5	3.42	62.1
8D6	m	14	48.7	50.4	0.87	46.6	0.57	12.9	31.2	1.98	22	11.9	66.1	14.3	5.95	79.8
8.00E+08	f	13	46.8	52.9	0.33	40.6	0.51	25.9	14.4	2.17	40.3	14.8	44.9	11	4.92	84
8K1	m	10	54.2	40.4	5.37	0	0	28.6	21.4	0	18.4	8.54	73	21	4.01	75
9D1	m	14	34.7	48.3	17	40.1	0.21	16.2	16.2	1.8	39.4	29.6	30.9	43.5	14.2	42.3
17K	m	21.92	58.9	32.1	8.97	24.5	0.32	26.9	29	2.59	14.5	11	74.5	10.2	3.76	86
18Z	m	16.67	70.2	29.4	0.43	23.7	0.35	29.7	31.4	2.55	7.14	2.45	90.4	1.94	0.33	97.7
30Z	m	17.08	57.9	39.3	2.78	35	0.39	41.1	14.3	2.72	16.5	6.15	77.4	4.76	4.92	90.3
36V	m	17.17	44.7	55.2	0.098	46.7	0.59	18	23.7	1.37	4.61	1.13	94.3	0.83	0.18	99
37N	m	20.67	48	51.2	0.81	44.6	0.82	25.6	18.2	4.57	16.5	4.79	78.7	4.43	1.6	94
42L	f	20.83	81.8	17.6	0.58	9.98	0.49	24.4	47.7	2.22	8.11	3.36	88.5	11.7	4.65	83.7
43F	f	23.92	74.3	24.7	1.02	18.8	0.34	29.8	34.9	1.63	21.1	4.54	74.4	6.88	2.54	90.6
53E	f	24.83	22.8	48	29.1	37.4	0.2	10.8	10.3	1.38	41	41.4	17.5	50.1	40.7	9.18
78T	f	17.83	58.6	34.4	7.04	29.3	0.49	28.1	26.6	1.94	22.3	10	67.6	30.7	9.22	60.1
79Z INF	m	0.5	33.3	66.4	0.35	57.4	0.049	26.3	4.73	1.53	3.59	1.6	94.8	2.38	0.63	97
79Z	f	16	67.3	32.7	0.019	28.6	0.1	23.5	36.6	1.16	2.68	0.85	96.5	0.31	0	99.7
93R	m	19	72.9	27.1	0.089	23.1	0.48	27.9	41.2	3.2	11.6	4.89	83.5	2.17	0.53	97.3
93Z	f	15.83	67.8	32.1	0.18	26.4	0.34	39	23.7	2.71	32.9	5.66	61.4	1.94	0.59	97.5
98K	m	21.58	80.4	19.6	0.029	15.4	0.18	19.3	58.1	0.84	15.8	2.63	81.6	2.33	1.33	96.3
98T	f	16.83	64.7	34.4	0.87	26.5	0.4	33.3	26.7	2.86	18.2	3.62	78.2	9.53	1.57	88.9
0J4	m	11.42	71.1	13	15.9	9.22	0.82	15.7	50.2	2.05	36.2	22.2	41.7	11.6	9.92	78.5
0P0	m	8.25	57	21.1	21.9	18.3	0.53	22.9	30	3.59	41	16.4	42.6	7.14	5.12	87.7
00V INF	f	17.17	39.1	45.6	15.3	38	0.29	21.5	14.1	0.78	60.5	8.89	30.6	20.8	5.07	74.1
1B1	m	16.25	36.9	10.5	52.6	7.6	0.56	8.96	25	1.11	38	23.9	38.1	28.5	10.1	61.4
1G1 INF	m	0.5	46.8	51.8	1.43	43.3	0.74	17.8	21	0.98	30.7	5.75	63.6	0.68	0.063	99.3
1G0	f	12.17	78	18.2	3.77	15.3	0.78	37.8	35.5	4.77	15.2	6.06	78.8	0.43	1.07	98.5
1G1	f	12.25	58.7	29.8	11.5	21.2	1.11	27.2	24.6	2.56	39.8	12.1	48.1	10.6	1.36	88
1I6	f	11.25	63.9	17.6	18.6	13.9	0.92	26	32.4	2.25	65.4	12.1	22.5	25.2	3.61	71.2
1J0	m	11	59.2	22.4	18.4	18.5	0.63	21.7	31.9	3.85	43.9	24.4	31.7	8.15	8.13	83.7
1L5	f	10.08	73	20.6	6.37	17.8	0.59	34.9	33.1	4.12	37.3	12.6	50.1	12.1	6.21	81.7
2A5 INF	f	0.5	36.6	48.1	15.4	40.1	0.51	23	8.46	0.71	57	20	23	7.44	10.7	81.8
2A7 INF	m	0.5	66.1	32.5	1.36	25.6	1.36	36.2	17.2	0.95	19.2	15.4	65.3	4.39	8.34	87.3
2A5	f	16	46.4	26.6	27	22.4	0.47	26.8	13.8	3.47	45.7	18.7	35.5	5.63	5.57	88.8
2A7	f	16.17	77.8	6.02	16.2	4.15	1.43	29.6	35.3	4.76	65.7	16.1	18.2	15.6	12.8	71.6
2K1	f	10.17	65.6	20.7	13.7	16.6	1.24	33.7	26.4	3.31	39	27.5	33.5	12.9	18.5	68.6
2N8	m	9.42	67.8	8.49	23.7	6.35	0.88	36.5	26.1	3.1	25.6	14.2	60.1	8.3	6.61	85.1
3I9	m	11.33	75.4	8.33	16.3	6.14	0.64	28	38.7	1.66	16.4	19.1	64.5	5.35	5.87	88.8
3J8	m	11	53.4	26.4	20.1	22.8	1.06	26.6	21.8	4.61	36	16.3	47.8	7.06	7.86	85.1
3L1	m	10.33	69.1	7.29	23.6	5.38	0.74	22.1	36.3	1.69	64.5	25.3	10.1	29.3	26.4	44.3
3L2	m	10.25	68.9	25.9	5.24	22.8	0.62	34.6	30.4	5.42	72.4	11.9	15.7	29.1	11.8	59.1
3M2	m	9.42	37.8	39	23.2	31.4	0.88	17.7	12.3	2.03	34.1	26.4	39.5	4.53	3.96	91.5
4D3	m	14.33	80	12.5	7.52	10.8	1.48	21.5	54.7	1.02	20.8	18.8	60.4	7.66	17	75.4
4M1	m	9.25	72.3	21.4	6.31	18.3	2.35	21.3	28.4	3.41	42.3	9.62	48.1	1.78	4.48	93.7
4M3	m	9.25	79.4	7.61	12.9	5.81	0.78	48.7	22.7	2.83	50.6	28.3	21	27.2	13.9	58.9
04N INF	f	0.5	45.4	50.7	3.92	26.9	0.76	24.6	9.88	2.06	9.47	5.37	85.2	2.19	1.55	96.3
04N	f	20.67	67.3	27.4	5.29	22.4	0.84	32.7	29.2	7.35	36	16.2	47.7	3.86	3.43	92.7
04T	m	16.75	64.9	4.37	30.7	2.95	0.81	32.1	28.3	3.42	37.2	42	20.8	14.8	32.6	52.6
04Z	m	15.5	41.5	34.1	24.4	29	0.5	17.1	20.7	3.04	62.7	13.6	23.7	11.4	7.18	81.4
5B2	m	15	70.6	14.5	14.9	12.2	0.72	23.8	39.9	4.45	18.5	14.2	67.4	1.62	2.42	96
5C0	f	13.75	55.3	11.3	33.4	8.88	0.87	22.1	28.5	4.83	51.7	38.8	9.57	26	26.1	47.9
5.00E+04	m	13.08	52.7	21.6	25.7	19	0.3	19.6	29.4	1.26	21.4	11.5	67.1	13	4.01	83
5K3 INF	m	0.5	65.2	23	11.8	18.6	1.35	30.9	23	1.19	40.5	12.5	47	8.9	4.4	86.7
5K3	f	10.33	62.3	31.8	5.94	27.4	0.88	30.3	19.3	3.23	16.3	2.48	81.2	1.04	0.15	98.8
5K8	m	10.33	57.9	27.2	14.9	20.7	0.98	26.9	21.9	3.82	21.2	10.7	68.1	4.41	0.62	95
5P4	m	8	70.3	25.4	4.24	21.4	3.74	35.3	26	3.65	58.2	13.1	28.7	3.4	2.58	94
5R6	m	7.5	52.2	32.7	15.2	27.5	0.95	30.9	15.6	4.57	25.8	11	63.2	1.67	1.25	97.1
6B8	f	15.25	52.5	5.58	41.9	3.44	0.69	24.9	21.2	2.54	27.8	19.2	53.1	12.7	15.1	72.2
6C5	f	15.08	47.4	17.9	34.6	15.2	0.81	24.5	14.5	4.08	67.2	23.3	9.47	22	16	62
6C9	m	14.83	53.5	10.6	35.9	8.45	0.58	18.1	33.3	2.71	42.4	26.9	30.7	19.2	18.5	62.3
6F0	m	13.25	59.8	25.4	14.7	21	1.24	31.2	21.5	5.08	34	5.2	60.8	5.34	0.9	93.8
6I9	m	11.42	64	14	22	9.61	0.57	26	33.3	2.05	10.4	10.5	79.1	2.68	2.61	94.7
6K2	f	10.33	66.5	33.2	0.33	29.2	0.47	22.2	40.3	1.98	24	5.03	71	0.31	0.37	99.3
6P9	m	8.5	47.6	21.5	30.9	17.2	0.67	21.4	21.8	2.1	68.9	4.61	26.5	8.62	1.11	90.3
7A2	m	16.33	89.2	10	0.78	7.79	0.45	29.8	49.2	1.47	30.9	17	52.1	1.1	2.18	96.7
7B7	f	15.08	38.2	27.5	34.3	23.4	0.59	23	10.4	6.03	37.4	46.1	16.5	10.4	34.7	54.9
7J8	f	11.15	51	14.8	34.2	11.6	1.11	30.1	13.6	5.95	39.6	22.9	37.6	10.1	9.12	80.8
7K8 INF	f	0.5	49.8	42.8	7.35	35.3	0.64	26.1	14.7	0.74	30.1	25.1	44.8	4.05	11.9	84.1
7K8	f	10.42	55.7	13.2	31.1	10.3	1.09	23.2	25.2	1.62	34.6	31.4	34	12.6	11	76.3
7C4 INF	f	0.5	67.4	27.6	5.02	23.5	0.35	41.5	20.5	0.79	37	22.5	40.4	13.1	19.9	67
7C4	f	15.25	60.9	19.5	19.6	14.2	0.84	33	23.2	5.54	33.2	13.8	53	10.3	7.25	82.4
8A9	m	16.25	51	41.2	7.81	36.8	0.73	24.5	21.8	3.49	40.4	23.1	36.6	7.41	8.95	83.6
8C0	m	14.08	64	14	22	10.3	0.98	35	22.8	6.68	37.4	16.6	46.1	5.81	2.76	91.4
8H0	m	12.25	65	27	7.99	22.2	0.86	31.3	23.9	6.09	22.1	10.3	67.6	1.16	0.72	98.1
8P8	f	8.15	70.1	24.3	5.63	21	0.75	31.6	32.1	4.17	41.3	14.2	44.5	12.5	5.24	82.3
8C4	m	7.42	54.8	20.6	24.6	15.7	0.43	14.9	35.8	1.41	30.9	20.6	48.5	3.7	7.37	88.9
8R5	f	7.33	50.8	13.7	35.5	9.82	1.18	15.3	31.4	1.88	58.9	32.3	8.74	23.2	28.3	48.5
9D8 INF	f	0.5	68.9	19.2	11.9	15.9	1.58	35.6	21.3	1.28	35.1	19.2	45.7	11.6	11.1	77.3
9D8	f	14.25	51	16.4	32.6	13.9	0.74	21.7	25	2.21	39.3	23.5	37.3	21	16.5	62.5
9.00E+05	m	13.25	47.9	23.1	29	19.2	1.48	23.5	15.5	3.4	37.6	30.3	32.1	5.36	8.67	86
9H7 INF	m	0.5	55.5	33.7	10.7	29.4	1.95	35.1	11.8	2.81	57.4	8.64	33.9	9.26	1.86	88.9
9H7	f	12.25	71.2	19.4	9.47	15	1.19	35.6	27.4	3.25	28.6	13	58.3	12.1	1	86.8
9I6 INF	m	0.6	58.1	37.7	4.21	29.6	0.64	36.8	11.2	1.06	18	15.6	66.4	2.57	5.23	92.2
9I6	f	11.08	67.9	29.4	2.73	26.7	1.61	41.3	19.7	5.17	55.4	10.1	34.5	5.6	4.73	89.7
4k7	m	10.25	49	34.1	16.9	29.6	1.03	31	11.3	7.36	20.1	14.2	65.6	9.5	2.2	88.3
9C1	f	14.33	61.9	16	22.1	12.8	0.88	28.2	29.4	3.04	56.1	33.2	10.7	20.8	35.8	43.4
11Z	m	17.08	73.6	15.7	10.8	12.1	1.34	28.6	37.8	7.22	59.8	13.5	26.7	2.68	7.38	89.9
12Z	m	17	54.2	14	31.7	10.3	0.73	25.2	21.4	3.59	66.4	17.1	16.5	8.65	10.1	81.3
30L	m	20.92	48	38.9	13.1	31.3	0.54	26.6	17.4	3.39	43.1	21.6	35.3	8.79	8.19	83
43V	m	17.08	68.2	7.69	24.1	5.63	0.66	24.3	37.4	4.39	51	38.2	10.8	27.5	61.5	11
44T	m	18	70.3	23	6.72	18.6	0.48	30.9	34.3	3.27	48.8	7.09	44.2	0.65	0.62	98.7
48L	m	21	69.1	16.5	14.4	12.6	0.92	28.4	34.2	2.58	38.9	10.2	50.9	1.41	2.82	95.8
50I	f	22.92	43.9	20.4	35.8	16.2	0.98	18.7	21.1	2.37	52.7	22.4	24.8	12.8	11.6	75.6
51Z	f	16.25	43.3	14.9	41.8	11.8	1.24	18.7	19.7	3.43	28.8	36.5	34.7	9.52	11.6	78.8
52P INF	m	0.5	71.2	25.7	3.07	22.6	1.87	39.7	21.1	1.35	39.4	14.1	46.4	15.8	7.31	76.9
52P	f	20	65.3	23	15.6	19.6	1.02	33	26	8.39	20.2	19.2	60.6	0.96	3.48	95.6
52Z	f	16.33	65.3	24.6	10.1	20.3	1.87	23.8	33.2	4.43	29.7	11.1	59.1	8.04	0.65	91.3
59A	f	28	65.8	29.4	4.74	23.6	0.74	32.5	21.3	4.1	15.7	10.6	73.7	2.17	1.87	96
63V INF	m	0.5	43.6	54.8	1.57	28.9	0.52	17.5	13.4	0.74	16.7	14.4	68.9	2.55	6	91.5
63V	f	17	64.6	26.9	9.29	18.2	1.76	34.1	23.3	6.64	42.8	9.97	47.2	0.7	0.59	98.7
64P	f	19.92	42.7	9.02	48.3	7.03	1.15	19.2	18.8	4.57	45.4	43.2	11.4	15.5	54.7	29.8
77I	m	23.08	52.9	9.48	37.6	7.94	1.98	24.2	23	5.82	19.8	19.8	60.4	4.47	10.6	85
82L	f	20.91	51.7	23.7	24.6	20.2	0.48	21.8	24.6	2.44	73.1	25.3	1.61	38	54.2	7.79
93E	m	13.25	50.1	25.1	24.8	20.7	0.99	29.3	14.5	4.17	45.9	18.4	35.7	14.4	3.14	82.5
93T	f	17.25	84.8	8.92	6.28	6.55	2.4	35.4	35.7	5.22	36	7.57	56.5	11.7	0.73	87.6
95V INF	f	0.5	65.6	27.9	6.54	22.9	0.59	43.7	16.5	1.97	41.1	18.8	40.1	7.69	9.73	82.6
95V	f	17.08	55.6	30.1	14.3	27.3	0.88	25.1	26.5	4.88	47.4	9.99	42.6	6.24	3.51	90.3
810	m	20.25	62.3	12.2	25.5	8.23	2.09	30.4	26.8	2.21	23.5	23.9	52.6	5.89	13.7	80.4
0G9	m	12	54.9	13.3	31.8	10.4	0.71	28.6	21.2	4.37	44.4	25.5	30.1	11.4	10.6	78
AW5	m	2.17	33.1	63	3.96	59.7	0.15	20.7	10.4	1.98	4.38	3.4	92.2	12.1	5.05	82.9
AK5	f	2.17	53.8	45	1.2	38.8	0.35	32.2	18	3	2.42	2.2	95.4	9.05	3.85	87.1
AX5	f	2.25	35	62.5	2.59	53.8	0.11	19.5	12.9	1.58	5.98	9.13	84.9	14.4	14.5	71.1
AK2	f	2.08	48.1	50.4	1.45	44.9	0.17	31.3	13.2	3	12.9	2.62	84.5	15.5	2.7	81.8
AD0	f	3.25	30.7	69	0.34	59.6	0.15	16.3	11.9	1.43	3.78	4.23	92	2.28	2.45	95.3
AW4	f	2.33	35	64.8	0.17	60	0.14	24.7	8.4	2.1	10.6	3.39	86	6.07	2.41	91.5
8Z1	f	3.25	36.8	63.1	0.072	57.6	0.19	23.2	10.5	2.56	2.18	0.65	97.2	1.07	0.14	98.8
6Y7	f	3.33	35.3	63.8	0.95	51.9	0.14	21.6	11	1.6	1.24	6.8	92	0.7	5.88	93.4
7Z1	f	3.25	48.7	50.6	0.67	40.1	0.35	20.6	25	3.05	1.57	6.4	92	0.43	2.44	97.1
9Z3	f	4.33	24.4	75.5	0.085	56.5	0.041	17.5	5.35	1.33	1.21	0.81	98	0.93	0.19	98.9
AV8	m	2.33	24.4	74.8	0.82	66	0.14	13.6	8.82	0.91	6.18	1.97	91.8	7.12	4.07	88.8
AN7	f	2.25	37.8	61.5	0.71	53.3	0.16	22.3	13.3	1.12	15.3	4.64	80.1	6.59	2.42	91
AM6	m	2.25	24	75.9	0.079	67.5	0.062	17.3	4.89	0.96	2.14	0.55	97.3	1.48	0.082	98.4
AJ4	f	2.25	48.7	50.4	0.84	41.2	0.2	32.9	12.9	2.21	5.05	7.95	87	5.72	7.27	87
AX7	m	2.42	31.4	49.2	19.4	41.8	0.11	20.3	9.17	1.33	20.3	23.1	56.6	49.3	14	36.7
AN0	f	2.25	33.1	66.8	0.11	52.8	0.096	18.9	11.7	0.89	8.81	2.02	89.2	4.34	0.16	95.5
BR7	f	2.17	38.5	60.6	0.91	55.8	0.14	22.5	13.3	1.72	4.62	1.94	93.4	1.45	1.93	96.6
